   1.0020600e+05   1.0000000e+00
   1.0030700e+05   0.0000000e+00
   1.0040800e+05   1.0000000e+00
   1.0061000e+05   1.0000000e+00
   1.0100600e+05   0.0000000e+00
   1.0110700e+05   1.0000000e+00
   1.0130900e+05   1.0000000e+00
   1.0141000e+05   1.0000000e+00
   1.0191500e+05   0.0000000e+00
   1.0200800e+05   1.0000000e+00
   1.0210900e+05   1.0000000e+00
   1.0231100e+05   0.0000000e+00
   1.0251300e+05   1.0000000e+00
   1.0261400e+05   1.0000000e+00
   1.0271500e+05   1.0000000e+00
   1.0281600e+05   0.0000000e+00
   1.0301000e+05   1.0000000e+00
   1.0311100e+05   1.0000000e+00
   1.0321200e+05   1.0000000e+00
   1.0341400e+05   0.0000000e+00
   1.0351500e+05   0.0000000e+00
   1.0381800e+05   0.0000000e+00
   1.0401200e+05   0.0000000e+00
   1.0441600e+05   0.0000000e+00
   1.0482000e+05   0.0000000e+00
   1.0501400e+05   0.0000000e+00
   1.0511500e+05   1.0000000e+00
   1.0521600e+05   1.0000000e+00
   1.0562000e+05   0.0000000e+00
   1.0592300e+05   0.0000000e+00
   1.0601600e+05   0.0000000e+00
   1.0631900e+05   1.0000000e+00
   1.0652100e+05   0.0000000e+00
   1.0682400e+05   1.0000000e+00
   1.0701800e+05   0.0000000e+00
   1.0722000e+05   0.0000000e+00
   1.0732100e+05   0.0000000e+00
   1.0742200e+05   1.0000000e+00
   1.0772500e+05   0.0000000e+00
   1.0802000e+05   1.0000000e+00
   1.0812100e+05   0.0000000e+00
   1.0822200e+05   1.0000000e+00
   1.0832300e+05   0.0000000e+00
   1.0852500e+05   1.0000000e+00
   1.0882800e+05   1.0000000e+00
   1.0912300e+05   1.0000000e+00
   1.0932500e+05   1.0000000e+00
   1.0983000e+05   0.0000000e+00
   1.1000700e+05   0.0000000e+00
   1.1041100e+05   1.0000000e+00
   1.1061300e+05   1.0000000e+00
   1.1100900e+05   0.0000000e+00
   1.1121100e+05   0.0000000e+00
   1.1131200e+05   0.0000000e+00
   1.1141300e+05   0.0000000e+00
   1.1151400e+05   1.0000000e+00
   1.1171600e+05   0.0000000e+00
   1.1211200e+05   1.0000000e+00
   1.1231400e+05   0.0000000e+00
   1.1251600e+05   0.0000000e+00
   1.1281900e+05   0.0000000e+00
   1.1292000e+05   1.0000000e+00
   1.1321500e+05   0.0000000e+00
   1.1331600e+05   1.0000000e+00
   1.1341700e+05   0.0000000e+00
   1.1361900e+05   0.0000000e+00
   1.1382100e+05   0.0000000e+00
   1.1392200e+05   1.0000000e+00
   1.1411600e+05   0.0000000e+00
   1.1421700e+05   0.0000000e+00
   1.1431800e+05   0.0000000e+00
   1.1441900e+05   1.0000000e+00
   1.1462100e+05   1.0000000e+00
   1.1482300e+05   0.0000000e+00
   1.1492400e+05   1.0000000e+00
   1.1501700e+05   0.0000000e+00
   1.1521900e+05   1.0000000e+00
   1.1532000e+05   0.0000000e+00
   1.1572400e+05   0.0000000e+00
   1.1582500e+05   1.0000000e+00
   1.1612000e+05   0.0000000e+00
   1.1622100e+05   1.0000000e+00
   1.1642300e+05   1.0000000e+00
   1.1652400e+05   1.0000000e+00
   1.1672600e+05   1.0000000e+00
   1.1702100e+05   0.0000000e+00
   1.1712200e+05   0.0000000e+00
   1.1732400e+05   0.0000000e+00
   1.1772800e+05   0.0000000e+00
   1.1793000e+05   0.0000000e+00
   1.1802300e+05   0.0000000e+00
   1.1812400e+05   0.0000000e+00
   1.1822500e+05   1.0000000e+00
   1.1852800e+05   0.0000000e+00
   1.1873000e+05   1.0000000e+00
   1.1883100e+05   1.0000000e+00
   1.1893200e+05   1.0000000e+00
   1.1902500e+05   1.0000000e+00
   1.1912600e+05   0.0000000e+00
   1.1973200e+05   0.0000000e+00
   1.1983300e+05   0.0000000e+00
   1.2001000e+05   0.0000000e+00
   1.2011100e+05   0.0000000e+00
   1.2021200e+05   0.0000000e+00
   1.2041400e+05   0.0000000e+00
   1.2051500e+05   0.0000000e+00
   1.2071700e+05   0.0000000e+00
   1.2131500e+05   1.0000000e+00
   1.2141600e+05   1.0000000e+00
   1.2161800e+05   1.0000000e+00
   1.2171900e+05   0.0000000e+00
   1.2182000e+05   0.0000000e+00
   1.2192100e+05   1.0000000e+00
   1.2231700e+05   1.0000000e+00
   1.2262000e+05   1.0000000e+00
   1.2282200e+05   0.0000000e+00
   1.2311700e+05   1.0000000e+00
   1.2342000e+05   0.0000000e+00
   1.2352100e+05   1.0000000e+00
   1.2372300e+05   0.0000000e+00
   1.2382400e+05   1.0000000e+00
   1.2392500e+05   0.0000000e+00
   1.2422000e+05   1.0000000e+00
   1.2442200e+05   0.0000000e+00
   1.2462400e+05   0.0000000e+00
   1.2482600e+05   0.0000000e+00
   1.2522200e+05   1.0000000e+00
   1.2542400e+05   0.0000000e+00
   1.2552500e+05   0.0000000e+00
   1.2632500e+05   0.0000000e+00
   1.2642600e+05   0.0000000e+00
   1.2662800e+05   1.0000000e+00
   1.2722600e+05   1.0000000e+00
   1.2732700e+05   1.0000000e+00
   1.2763000e+05   0.0000000e+00
   1.2773100e+05   0.0000000e+00
   1.2783200e+05   0.0000000e+00
   1.2793300e+05   1.0000000e+00
   1.2802600e+05   0.0000000e+00
   1.2812700e+05   0.0000000e+00
   1.2832900e+05   0.0000000e+00
   1.2863200e+05   0.0000000e+00
   1.2893500e+05   1.0000000e+00
   1.2902800e+05   1.0000000e+00
   1.2912900e+05   0.0000000e+00
   1.2933100e+05   0.0000000e+00
   1.2953300e+05   0.0000000e+00
   1.2963400e+05   1.0000000e+00
   1.2993700e+05   0.0000000e+00
   1.3001300e+05   1.0000000e+00
   1.3011400e+05   1.0000000e+00
   1.3031600e+05   0.0000000e+00
   1.3041700e+05   1.0000000e+00
   1.3051800e+05   0.0000000e+00
   1.3061900e+05   0.0000000e+00
   1.3072000e+05   1.0000000e+00
   1.3082100e+05   0.0000000e+00
   1.3092200e+05   0.0000000e+00
   1.3121700e+05   0.0000000e+00
   1.3141900e+05   0.0000000e+00
   1.3172200e+05   0.0000000e+00
   1.3182300e+05   1.0000000e+00
   1.3192400e+05   1.0000000e+00
   1.3201700e+05   0.0000000e+00
   1.3211800e+05   0.0000000e+00
   1.3301900e+05   0.0000000e+00
   1.3362500e+05   1.0000000e+00
   1.3382700e+05   1.0000000e+00
   1.3392800e+05   1.0000000e+00
   1.3402100e+05   0.0000000e+00
   1.3422300e+05   0.0000000e+00
   1.3432400e+05   1.0000000e+00
   1.3442500e+05   0.0000000e+00
   1.3462700e+05   1.0000000e+00
   1.3472800e+05   1.0000000e+00
   1.3482900e+05   0.0000000e+00
   1.3512400e+05   0.0000000e+00
   1.3522500e+05   0.0000000e+00
   1.3552800e+05   0.0000000e+00
   1.3562900e+05   1.0000000e+00
   1.3573000e+05   1.0000000e+00
   1.3593200e+05   0.0000000e+00
   1.3612600e+05   1.0000000e+00
   1.3622700e+05   1.0000000e+00
   1.3663100e+05   1.0000000e+00
   1.3673200e+05   0.0000000e+00
   1.3683300e+05   1.0000000e+00
   1.3702700e+05   1.0000000e+00
   1.3712800e+05   0.0000000e+00
   1.3722900e+05   1.0000000e+00
   1.3743100e+05   0.0000000e+00
   1.3753200e+05   1.0000000e+00
   1.3763300e+05   0.0000000e+00
   1.3793600e+05   1.0000000e+00
   1.3813000e+05   0.0000000e+00
   1.3823100e+05   0.0000000e+00
   1.3833200e+05   1.0000000e+00
   1.3853400e+05   1.0000000e+00
   1.3883700e+05   1.0000000e+00
   1.3923300e+05   0.0000000e+00
   1.3943500e+05   0.0000000e+00
   1.3963700e+05   0.0000000e+00
   1.3983900e+05   1.0000000e+00
   1.4011700e+05   0.0000000e+00
   1.4031900e+05   0.0000000e+00
   1.4042000e+05   0.0000000e+00
   1.4082400e+05   1.0000000e+00
   1.4092500e+05   0.0000000e+00
   1.4111900e+05   1.0000000e+00
   1.4142200e+05   0.0000000e+00
   1.4182600e+05   0.0000000e+00
   1.4242400e+05   1.0000000e+00
   1.4282800e+05   1.0000000e+00
   1.4322400e+05   0.0000000e+00
   1.4332500e+05   0.0000000e+00
   1.4342600e+05   0.0000000e+00
   1.4383000e+05   0.0000000e+00
   1.4412500e+05   0.0000000e+00
   1.4422600e+05   0.0000000e+00
   1.4442800e+05   1.0000000e+00
   1.4473100e+05   0.0000000e+00
   1.4483200e+05   0.0000000e+00
   1.4493300e+05   1.0000000e+00
   1.4512700e+05   1.0000000e+00
   1.4553100e+05   1.0000000e+00
   1.4563200e+05   1.0000000e+00
   1.4583400e+05   0.0000000e+00
   1.4612900e+05   1.0000000e+00
   1.4633100e+05   0.0000000e+00
   1.4643200e+05   1.0000000e+00
   1.4653300e+05   1.0000000e+00
   1.4663400e+05   0.0000000e+00
   1.4673500e+05   0.0000000e+00
   1.4683600e+05   1.0000000e+00
   1.4693700e+05   0.0000000e+00
   1.4703000e+05   1.0000000e+00
   1.4763600e+05   0.0000000e+00
   1.4773700e+05   0.0000000e+00
   1.4803200e+05   0.0000000e+00
   1.4813300e+05   0.0000000e+00
   1.4833500e+05   0.0000000e+00
   1.4843600e+05   1.0000000e+00
   1.4884000e+05   0.0000000e+00
   1.4894100e+05   1.0000000e+00
   1.4923600e+05   0.0000000e+00
   1.4933700e+05   1.0000000e+00
   1.4953900e+05   1.0000000e+00
   1.4974100e+05   1.0000000e+00
   1.4984200e+05   0.0000000e+00
   1.5001900e+05   1.0000000e+00
   1.5052400e+05   0.0000000e+00
   1.5062500e+05   1.0000000e+00
   1.5072600e+05   1.0000000e+00
   1.5092800e+05   1.0000000e+00
   1.5102100e+05   1.0000000e+00
   1.5122300e+05   0.0000000e+00
   1.5132400e+05   1.0000000e+00
   1.5142500e+05   0.0000000e+00
   1.5152600e+05   1.0000000e+00
   1.5162700e+05   0.0000000e+00
   1.5172800e+05   1.0000000e+00
   1.5182900e+05   0.0000000e+00
   1.5193000e+05   1.0000000e+00
   1.5222500e+05   1.0000000e+00
   1.5242700e+05   0.0000000e+00
   1.5283100e+05   1.0000000e+00
   1.5302500e+05   0.0000000e+00
   1.5312600e+05   0.0000000e+00
   1.5322700e+05   0.0000000e+00
   1.5342900e+05   1.0000000e+00
   1.5363100e+05   0.0000000e+00
   1.5373200e+05   0.0000000e+00
   1.5383300e+05   0.0000000e+00
   1.5393400e+05   1.0000000e+00
   1.5422900e+05   0.0000000e+00
   1.5433000e+05   1.0000000e+00
   1.5443100e+05   0.0000000e+00
   1.5453200e+05   1.0000000e+00
   1.5473400e+05   1.0000000e+00
   1.5483500e+05   0.0000000e+00
   1.5493600e+05   1.0000000e+00
   1.5523100e+05   0.0000000e+00
   1.5563500e+05   0.0000000e+00
   1.5593800e+05   1.0000000e+00
   1.5603100e+05   0.0000000e+00
   1.5623300e+05   0.0000000e+00
   1.5633400e+05   0.0000000e+00
   1.5643500e+05   1.0000000e+00
   1.5653600e+05   1.0000000e+00
   1.5663700e+05   1.0000000e+00
   1.5733600e+05   0.0000000e+00
   1.5743700e+05   0.0000000e+00
   1.5794200e+05   0.0000000e+00
   1.5803500e+05   0.0000000e+00
   1.5813600e+05   1.0000000e+00
   1.5833800e+05   1.0000000e+00
   1.5854000e+05   1.0000000e+00
   1.5884300e+05   1.0000000e+00
   1.5913800e+05   1.0000000e+00
   1.5923900e+05   0.0000000e+00
   1.5934000e+05   1.0000000e+00
   1.5944100e+05   0.0000000e+00
   1.5974400e+05   1.0000000e+00
   1.5984500e+05   0.0000000e+00
   1.5994600e+05   1.0000000e+00
   1.6012300e+05   1.0000000e+00
   1.6072900e+05   0.0000000e+00
   1.6083000e+05   0.0000000e+00
   1.6093100e+05   0.0000000e+00
   1.6132700e+05   0.0000000e+00
   1.6163000e+05   0.0000000e+00
   1.6173100e+05   0.0000000e+00
   1.6183200e+05   1.0000000e+00
   1.6202600e+05   0.0000000e+00
   1.6222800e+05   1.0000000e+00
   1.6232900e+05   0.0000000e+00
   1.6273300e+05   0.0000000e+00
   1.6293500e+05   1.0000000e+00
   1.6312900e+05   1.0000000e+00
   1.6333100e+05   1.0000000e+00
   1.6343200e+05   0.0000000e+00
   1.6383600e+05   0.0000000e+00
   1.6403000e+05   1.0000000e+00
   1.6413100e+05   1.0000000e+00
   1.6463600e+05   1.0000000e+00
   1.6493900e+05   0.0000000e+00
   1.6503200e+05   1.0000000e+00
   1.6523400e+05   0.0000000e+00
   1.6543600e+05   1.0000000e+00
   1.6563800e+05   1.0000000e+00
   1.6584000e+05   1.0000000e+00
   1.6594100e+05   0.0000000e+00
   1.6643800e+05   1.0000000e+00
   1.6664000e+05   1.0000000e+00
   1.6703600e+05   0.0000000e+00
   1.6723800e+05   0.0000000e+00
   1.6744000e+05   0.0000000e+00
   1.6774300e+05   0.0000000e+00
   1.6813900e+05   1.0000000e+00
   1.6834100e+05   1.0000000e+00
   1.6874500e+05   0.0000000e+00
   1.6894700e+05   0.0000000e+00
   1.6904000e+05   1.0000000e+00
   1.6914100e+05   1.0000000e+00
   1.6934300e+05   0.0000000e+00
   1.6944400e+05   0.0000000e+00
   1.6954500e+05   1.0000000e+00
   1.6974700e+05   0.0000000e+00
   1.6994900e+05   1.0000000e+00
   1.7063100e+05   0.0000000e+00
   1.7093400e+05   0.0000000e+00
   1.7112800e+05   0.0000000e+00
   1.7133000e+05   1.0000000e+00
   1.7143100e+05   0.0000000e+00
   1.7153200e+05   0.0000000e+00
   1.7163300e+05   1.0000000e+00
   1.7173400e+05   0.0000000e+00
   1.7202900e+05   1.0000000e+00
   1.7213000e+05   1.0000000e+00
   1.7233200e+05   0.0000000e+00
   1.7243300e+05   1.0000000e+00
   1.7253400e+05   0.0000000e+00
   1.7263500e+05   1.0000000e+00
   1.7293800e+05   0.0000000e+00
   1.7313200e+05   1.0000000e+00
   1.7323300e+05   1.0000000e+00
   1.7333400e+05   1.0000000e+00
   1.7343500e+05   0.0000000e+00
   1.7353600e+05   0.0000000e+00
   1.7363700e+05   0.0000000e+00
   1.7373800e+05   1.0000000e+00
   1.7383900e+05   0.0000000e+00
   1.7394000e+05   0.0000000e+00
   1.7443700e+05   0.0000000e+00
   1.7484100e+05   1.0000000e+00
   1.7503500e+05   1.0000000e+00
   1.7513600e+05   0.0000000e+00
   1.7523700e+05   0.0000000e+00
   1.7533800e+05   0.0000000e+00
   1.7543900e+05   0.0000000e+00
   1.7554000e+05   1.0000000e+00
   1.7574200e+05   0.0000000e+00
   1.7603700e+05   0.0000000e+00
   1.7623900e+05   1.0000000e+00
   1.7644100e+05   1.0000000e+00
   1.7654200e+05   0.0000000e+00
   1.7674400e+05   1.0000000e+00
   1.7684500e+05   0.0000000e+00
   1.7714000e+05   0.0000000e+00
   1.7724100e+05   1.0000000e+00
   1.7734200e+05   1.0000000e+00
   1.7764500e+05   0.0000000e+00
   1.7774600e+05   0.0000000e+00
   1.7814200e+05   0.0000000e+00
   1.7824300e+05   1.0000000e+00
   1.7864700e+05   0.0000000e+00
   1.7874800e+05   1.0000000e+00
   1.7884900e+05   1.0000000e+00
   1.7895000e+05   1.0000000e+00
   1.7924500e+05   0.0000000e+00
   1.7934600e+05   0.0000000e+00
   1.7995200e+05   0.0000000e+00
   1.8012900e+05   0.0000000e+00
   1.8023000e+05   0.0000000e+00
   1.8043200e+05   0.0000000e+00
   1.8053300e+05   0.0000000e+00
   1.8073500e+05   0.0000000e+00
   1.8083600e+05   0.0000000e+00
   1.8093700e+05   1.0000000e+00
   1.8113100e+05   0.0000000e+00
   1.8123200e+05   0.0000000e+00
   1.8163600e+05   0.0000000e+00
   1.8203200e+05   0.0000000e+00
   1.8243600e+05   0.0000000e+00
   1.8273900e+05   0.0000000e+00
   1.8284000e+05   1.0000000e+00
   1.8303400e+05   1.0000000e+00
   1.8333700e+05   0.0000000e+00
   1.8374100e+05   1.0000000e+00
   1.8503800e+05   1.0000000e+00
   1.8513900e+05   0.0000000e+00
   1.8534100e+05   0.0000000e+00
   1.8544200e+05   1.0000000e+00
   1.8584600e+05   1.0000000e+00
   1.8594700e+05   0.0000000e+00
   1.8604000e+05   1.0000000e+00
   1.8614100e+05   1.0000000e+00
   1.8644400e+05   0.0000000e+00
   1.8654500e+05   0.0000000e+00
   1.8684800e+05   0.0000000e+00
   1.8694900e+05   1.0000000e+00
   1.8714300e+05   1.0000000e+00
   1.8734500e+05   0.0000000e+00
   1.8754700e+05   0.0000000e+00
   1.8785000e+05   1.0000000e+00
   1.8814500e+05   0.0000000e+00
   1.8834700e+05   0.0000000e+00
   1.8844800e+05   0.0000000e+00
   1.8854900e+05   1.0000000e+00
   1.8875100e+05   1.0000000e+00
   1.8934900e+05   0.0000000e+00
   1.8945000e+05   1.0000000e+00
   1.8965200e+05   1.0000000e+00
   1.9003100e+05   0.0000000e+00
   1.9013200e+05   0.0000000e+00
   1.9103300e+05   0.0000000e+00
   1.9123500e+05   1.0000000e+00
   1.9133600e+05   1.0000000e+00
   1.9143700e+05   0.0000000e+00
   1.9184100e+05   0.0000000e+00
   1.9194200e+05   1.0000000e+00
   1.9203500e+05   0.0000000e+00
   1.9213600e+05   1.0000000e+00
   1.9223700e+05   0.0000000e+00
   1.9243900e+05   0.0000000e+00
   1.9254000e+05   0.0000000e+00
   1.9264100e+05   0.0000000e+00
   1.9284300e+05   1.0000000e+00
   1.9323900e+05   0.0000000e+00
   1.9344100e+05   1.0000000e+00
   1.9384500e+05   1.0000000e+00
   1.9414000e+05   0.0000000e+00
   1.9444300e+05   1.0000000e+00
   1.9464500e+05   1.0000000e+00
   1.9474600e+05   1.0000000e+00
   1.9484700e+05   0.0000000e+00
   1.9504100e+05   0.0000000e+00
   1.9544500e+05   0.0000000e+00
   1.9564700e+05   0.0000000e+00
   1.9584900e+05   1.0000000e+00
   1.9595000e+05   1.0000000e+00
   1.9614400e+05   0.0000000e+00
   1.9634600e+05   1.0000000e+00
   1.9675000e+05   0.0000000e+00
   1.9685100e+05   1.0000000e+00
   1.9695200e+05   0.0000000e+00
   1.9734800e+05   0.0000000e+00
   1.9755000e+05   0.0000000e+00
   1.9765100e+05   0.0000000e+00
   1.9804700e+05   0.0000000e+00
   1.9824900e+05   1.0000000e+00
   1.9835000e+05   1.0000000e+00
   1.9845100e+05   1.0000000e+00
   1.9865300e+05   1.0000000e+00
   1.9885500e+05   1.0000000e+00
   1.9915000e+05   0.0000000e+00
   1.9925100e+05   0.0000000e+00
   1.9935200e+05   0.0000000e+00
   1.9945300e+05   1.0000000e+00
   1.9965500e+05   1.0000000e+00
   1.9995800e+05   1.0000000e+00
   2.0000800e+05   0.0000000e+00
   2.0010900e+05   0.0000000e+00
   2.0021000e+05   1.0000000e+00
   2.0031100e+05   1.0000000e+00
   2.0051300e+05   1.0000000e+00
   2.0061400e+05   0.0000000e+00
   2.0091700e+05   0.0000000e+00
   2.0111100e+05   1.0000000e+00
   2.0141400e+05   0.0000000e+00
   2.0151500e+05   1.0000000e+00
   2.0171700e+05   1.0000000e+00
   2.0181800e+05   0.0000000e+00
   2.0211300e+05   0.0000000e+00
   2.0271900e+05   1.0000000e+00
   2.0282000e+05   0.0000000e+00
   2.0341800e+05   1.0000000e+00
   2.0392300e+05   0.0000000e+00
   2.0401600e+05   0.0000000e+00
   2.0421800e+05   1.0000000e+00
   2.0431900e+05   0.0000000e+00
   2.0442000e+05   0.0000000e+00
   2.0452100e+05   0.0000000e+00
   2.0462200e+05   0.0000000e+00
   2.0511900e+05   1.0000000e+00
   2.0522000e+05   0.0000000e+00
   2.0572500e+05   0.0000000e+00
   2.0582600e+05   1.0000000e+00
   2.0622200e+05   1.0000000e+00
   2.0632300e+05   0.0000000e+00
   2.0652500e+05   1.0000000e+00
   2.0672700e+05   1.0000000e+00
   2.0682800e+05   1.0000000e+00
   2.0692900e+05   1.0000000e+00
   2.0712300e+05   1.0000000e+00
   2.0742600e+05   1.0000000e+00
   2.0802400e+05   0.0000000e+00
   2.0812500e+05   0.0000000e+00
   2.0822600e+05   0.0000000e+00
   2.0832700e+05   1.0000000e+00
   2.0842800e+05   0.0000000e+00
   2.0863000e+05   1.0000000e+00
   2.0912700e+05   0.0000000e+00
   2.0922800e+05   0.0000000e+00
   2.0932900e+05   0.0000000e+00
   2.0953100e+05   0.0000000e+00
   2.0983400e+05   0.0000000e+00
   2.0993500e+05   1.0000000e+00
   2.1001100e+05   1.0000000e+00
   2.1011200e+05   1.0000000e+00
   2.1041500e+05   0.0000000e+00
   2.1061700e+05   0.0000000e+00
   2.1111400e+05   0.0000000e+00
   2.1121500e+05   1.0000000e+00
   2.1131600e+05   0.0000000e+00
   2.1141700e+05   1.0000000e+00
   2.1161900e+05   1.0000000e+00
   2.1172000e+05   1.0000000e+00
   2.1182100e+05   1.0000000e+00
   2.1192200e+05   0.0000000e+00
   2.1201500e+05   1.0000000e+00
   2.1211600e+05   1.0000000e+00
   2.1221700e+05   0.0000000e+00
   2.1231800e+05   0.0000000e+00
   2.1241900e+05   0.0000000e+00
   2.1282300e+05   1.0000000e+00
   2.1301700e+05   1.0000000e+00
   2.1342100e+05   0.0000000e+00
   2.1352200e+05   1.0000000e+00
   2.1401900e+05   0.0000000e+00
   2.1422100e+05   0.0000000e+00
   2.1442300e+05   1.0000000e+00
   2.1452400e+05   1.0000000e+00
   2.1462500e+05   0.0000000e+00
   2.1472600e+05   1.0000000e+00
   2.1712600e+05   1.0000000e+00
   2.1742900e+05   0.0000000e+00
   2.1923100e+05   1.0000000e+00
   2.2072100e+05   1.0000000e+00
   2.2121800e+05   0.0000000e+00
   2.2131900e+05   0.0000000e+00
   2.2392900e+05   1.0000000e+00
   2.2402200e+05   0.0000000e+00
   2.2743200e+05   1.0000000e+00
   2.2753300e+05   0.0000000e+00
   2.2843400e+05   0.0000000e+00
   2.3192800e+05   0.0000000e+00
   2.3332600e+05   1.0000000e+00
   2.3613000e+05   0.0000000e+00
   2.3733400e+05   0.0000000e+00
   2.3803300e+05   1.0000000e+00
   2.3913600e+05   0.0000000e+00
   2.3994400e+05   0.0000000e+00
   2.4533300e+05   0.0000000e+00
   2.4613300e+05   0.0000000e+00
   2.4823800e+05   0.0000000e+00
   2.4833900e+05   1.0000000e+00
   2.4994700e+05   0.0000000e+00
   2.5042700e+05   0.0000000e+00
   2.5093200e+05   0.0000000e+00
   2.5183300e+05   1.0000000e+00
   2.5563900e+05   0.0000000e+00
   2.5574000e+05   0.0000000e+00
   2.5654000e+05   0.0000000e+00
   2.5754200e+05   0.0000000e+00
   2.5784500e+05   1.0000000e+00
   2.5794600e+05   0.0000000e+00
   2.6343600e+05   0.0000000e+00
   2.6874900e+05   1.0000000e+00
   2.6885000e+05   0.0000000e+00
   2.7033200e+05   1.0000000e+00
   2.7454200e+05   0.0000000e+00
   2.7564500e+05   1.0000000e+00
   2.8073900e+05   0.0000000e+00
   2.8094100e+05   0.0000000e+00
   2.8113500e+05   1.0000000e+00
   2.8354300e+05   1.0000000e+00
   2.8464600e+05   1.0000000e+00
   2.8534500e+05   0.0000000e+00
   2.8544600e+05   1.0000000e+00
   2.8634700e+05   0.0000000e+00
   2.8665000e+05   1.0000000e+00
   2.8724800e+05   0.0000000e+00
   2.8955500e+05   0.0000000e+00
   2.9013600e+05   0.0000000e+00
   2.9374800e+05   0.0000000e+00
   2.9514600e+05   0.0000000e+00
   2.9765500e+05   0.0000000e+00
   2.9805100e+05   0.0000000e+00
   2.9845500e+05   1.0000000e+00
   2.9915400e+05   1.0000000e+00
   2.9976000e+05   1.0000000e+00
   3.0061800e+05   1.0000000e+00
   3.0071900e+05   1.0000000e+00
   3.0311900e+05   0.0000000e+00
   3.0362400e+05   1.0000000e+00
   3.0402000e+05   1.0000000e+00
   3.0472700e+05   0.0000000e+00
   3.0583000e+05   0.0000000e+00
   3.0712700e+05   0.0000000e+00
   3.0812900e+05   1.0000000e+00
   3.0833100e+05   1.0000000e+00
   3.0963600e+05   0.0000000e+00
   3.1062100e+05   0.0000000e+00
   3.1132000e+05   1.0000000e+00
   3.1422500e+05   1.0000000e+00
   3.1663300e+05   0.0000000e+00
   3.1683500e+05   0.0000000e+00
   3.1733200e+05   1.0000000e+00
   3.1863700e+05   1.0000000e+00
   3.2082600e+05   0.0000000e+00
   3.2132300e+05   0.0000000e+00
   3.2222400e+05   0.0000000e+00
   3.2512900e+05   1.0000000e+00
   3.2944000e+05   1.0000000e+00
   3.2984400e+05   1.0000000e+00
   3.3032400e+05   1.0000000e+00
   3.3333000e+05   0.0000000e+00
   3.3463500e+05   0.0000000e+00
   3.3684100e+05   1.0000000e+00
   3.3984700e+05   0.0000000e+00
   3.4183400e+05   1.0000000e+00
   3.4212900e+05   1.0000000e+00
   3.4613700e+05   1.0000000e+00
   3.4694500e+05   0.0000000e+00
   3.4854500e+05   1.0000000e+00
   3.4924400e+05   1.0000000e+00
   3.5033000e+05   0.0000000e+00
   3.5193800e+05   0.0000000e+00
   3.5213200e+05   1.0000000e+00
   3.5273800e+05   1.0000000e+00
   3.5374000e+05   1.0000000e+00
   3.5523900e+05   0.0000000e+00
   3.5694800e+05   0.0000000e+00
   3.5814400e+05   0.0000000e+00
   3.6003000e+05   0.0000000e+00
   3.6123400e+05   0.0000000e+00
   3.6194100e+05   1.0000000e+00
   3.6203400e+05   0.0000000e+00
   3.6534300e+05   0.0000000e+00
   3.6604200e+05   0.0000000e+00
   3.6644600e+05   1.0000000e+00
   3.6855100e+05   1.0000000e+00
   3.6875300e+05   0.0000000e+00
   3.7184300e+05   0.0000000e+00
   3.7745100e+05   0.0000000e+00
   3.7875600e+05   1.0000000e+00
   3.7885700e+05   0.0000000e+00
   3.7965700e+05   0.0000000e+00
   3.8003600e+05   1.0000000e+00
   3.8103800e+05   0.0000000e+00
   3.8154300e+05   0.0000000e+00
   3.8224200e+05   0.0000000e+00
   3.8504600e+05   1.0000000e+00
   3.8545000e+05   1.0000000e+00
   3.8625000e+05   1.0000000e+00
   3.8795900e+05   1.0000000e+00
   3.8935700e+05   0.0000000e+00
   3.9064500e+05   0.0000000e+00
   3.9174800e+05   0.0000000e+00
   3.9244700e+05   1.0000000e+00
   3.9275000e+05   1.0000000e+00
   3.9324700e+05   0.0000000e+00
   3.9355000e+05   1.0000000e+00
   3.9495600e+05   0.0000000e+00
   3.9525100e+05   0.0000000e+00
   3.9575600e+05   0.0000000e+00
   3.9595800e+05   1.0000000e+00
   3.9715400e+05   0.0000000e+00
   3.9776000e+05   1.0000000e+00
   3.9786100e+05   1.0000000e+00
   4.0142200e+05   0.0000000e+00
   4.0643200e+05   1.0000000e+00
   4.0683600e+05   0.0000000e+00
   4.1252800e+05   0.0000000e+00
   4.1393400e+05   0.0000000e+00
   4.1422900e+05   1.0000000e+00
   4.1583700e+05   0.0000000e+00
   4.1923900e+05   0.0000000e+00
   4.2122600e+05   1.0000000e+00
   4.2263200e+05   0.0000000e+00
   4.2493900e+05   1.0000000e+00
   4.2904000e+05   0.0000000e+00
   4.3233200e+05   0.0000000e+00
   4.3383900e+05   1.0000000e+00
   4.3623900e+05   0.0000000e+00
   4.3684500e+05   0.0000000e+00
   4.4193900e+05   0.0000000e+00
   4.4554300e+05   1.0000000e+00
   4.4834700e+05   1.0000000e+00
   4.4975300e+05   1.0000000e+00
   4.5344100e+05   1.0000000e+00
   4.5354200e+05   0.0000000e+00
   4.5634600e+05   0.0000000e+00
   4.5945300e+05   0.0000000e+00
   4.6174300e+05   1.0000000e+00
   4.6213900e+05   0.0000000e+00
   4.6304000e+05   0.0000000e+00
   4.6585200e+05   0.0000000e+00
   4.6735100e+05   1.0000000e+00
   4.6805000e+05   0.0000000e+00
   4.6996100e+05   0.0000000e+00
   4.7395200e+05   0.0000000e+00
   4.7585500e+05   0.0000000e+00
   4.7976200e+05   1.0000000e+00
   4.8014100e+05   0.0000000e+00
   4.8104200e+05   0.0000000e+00
   4.8195100e+05   0.0000000e+00
   4.8575700e+05   0.0000000e+00
   4.8675900e+05   1.0000000e+00
   4.9275400e+05   0.0000000e+00
   4.9525500e+05   1.0000000e+00
   4.9786500e+05   1.0000000e+00
   4.9956600e+05   0.0000000e+00
   5.0022200e+05   0.0000000e+00
   5.0623400e+05   1.0000000e+00
   5.1022500e+05   0.0000000e+00
   5.1032600e+05   0.0000000e+00
   5.1283500e+05   1.0000000e+00
   5.1313000e+05   0.0000000e+00
   5.1373600e+05   0.0000000e+00
   5.1674200e+05   1.0000000e+00
   5.1723900e+05   1.0000000e+00
   5.1874600e+05   1.0000000e+00
   5.1964700e+05   1.0000000e+00
   5.1995000e+05   0.0000000e+00
   5.2022800e+05   1.0000000e+00
   5.2133100e+05   0.0000000e+00
   5.2243400e+05   0.0000000e+00
   5.2303200e+05   1.0000000e+00
   5.2413500e+05   1.0000000e+00
   5.2554100e+05   0.0000000e+00
   5.2954900e+05   0.0000000e+00
   5.2995300e+05   1.0000000e+00
   5.3063500e+05   1.0000000e+00
   5.3153600e+05   1.0000000e+00
   5.3194000e+05   0.0000000e+00
   5.3664700e+05   0.0000000e+00
   5.4043600e+05   1.0000000e+00
   5.4164000e+05   1.0000000e+00
   5.4194300e+05   0.0000000e+00
   5.4534500e+05   1.0000000e+00
   5.4704600e+05   0.0000000e+00
   5.4825000e+05   1.0000000e+00
   5.4975700e+05   0.0000000e+00
   5.5043900e+05   1.0000000e+00
   5.5224100e+05   1.0000000e+00
   5.5254400e+05   0.0000000e+00
   5.5334400e+05   0.0000000e+00
   5.5534800e+05   0.0000000e+00
   5.5565100e+05   0.0000000e+00
   5.5595400e+05   1.0000000e+00
   5.5785700e+05   1.0000000e+00
   5.5865700e+05   1.0000000e+00
   5.5896000e+05   0.0000000e+00
   5.5905300e+05   0.0000000e+00
   5.5945700e+05   1.0000000e+00
   5.6124200e+05   0.0000000e+00
   5.6144400e+05   1.0000000e+00
   5.6194900e+05   1.0000000e+00
   5.6234500e+05   0.0000000e+00
   5.6244600e+05   0.0000000e+00
   5.6545200e+05   0.0000000e+00
   5.6645400e+05   0.0000000e+00
   5.6705200e+05   1.0000000e+00
   5.6775900e+05   0.0000000e+00
   5.6796100e+05   0.0000000e+00
   5.6896300e+05   0.0000000e+00
   5.6996500e+05   0.0000000e+00
   5.7024300e+05   0.0000000e+00
   5.7114400e+05   1.0000000e+00
   5.7154800e+05   1.0000000e+00
   5.7204500e+05   0.0000000e+00
   5.7324900e+05   1.0000000e+00
   5.7345100e+05   1.0000000e+00
   5.7625500e+05   0.0000000e+00
   5.7805700e+05   0.0000000e+00
   5.7815800e+05   1.0000000e+00
   5.7966500e+05   0.0000000e+00
   5.7986700e+05   0.0000000e+00
   5.8004400e+05   0.0000000e+00
   5.8034700e+05   0.0000000e+00
   5.8065000e+05   0.0000000e+00
   5.8075100e+05   1.0000000e+00
   5.8134900e+05   1.0000000e+00
   5.8145000e+05   1.0000000e+00
   5.8385800e+05   1.0000000e+00
   5.8525600e+05   0.0000000e+00
   5.8586200e+05   0.0000000e+00
   5.8646000e+05   0.0000000e+00
   5.8766400e+05   0.0000000e+00
   5.8856500e+05   1.0000000e+00
   5.8956700e+05   1.0000000e+00
   5.9004700e+05   1.0000000e+00
   5.9245500e+05   1.0000000e+00
   5.9415600e+05   1.0000000e+00
   5.9786900e+05   1.0000000e+00
   5.9856800e+05   1.0000000e+00
   5.9906500e+05   1.0000000e+00
   5.9946900e+05   0.0000000e+00
   5.9967100e+05   1.0000000e+00
   6.0112700e+05   1.0000000e+00
   6.0453700e+05   1.0000000e+00
   6.0914300e+05   0.0000000e+00
   6.1193800e+05   1.0000000e+00
   6.1323500e+05   0.0000000e+00
   6.1353800e+05   0.0000000e+00
   6.1443900e+05   0.0000000e+00
   6.1544100e+05   1.0000000e+00
   6.1574400e+05   0.0000000e+00
   6.1664500e+05   1.0000000e+00
   6.1774800e+05   0.0000000e+00
   6.1895200e+05   1.0000000e+00
   6.2043400e+05   0.0000000e+00
   6.2223600e+05   1.0000000e+00
   6.2313700e+05   0.0000000e+00
   6.2384400e+05   1.0000000e+00
   6.2664800e+05   0.0000000e+00
   6.2754900e+05   0.0000000e+00
   6.2785200e+05   1.0000000e+00
   6.2824800e+05   1.0000000e+00
   6.3384700e+05   0.0000000e+00
   6.3474800e+05   0.0000000e+00
   6.3524500e+05   1.0000000e+00
   6.3804900e+05   0.0000000e+00
   6.4404400e+05   1.0000000e+00
   6.4424600e+05   0.0000000e+00
   6.4545000e+05   0.0000000e+00
   6.4555100e+05   0.0000000e+00
   6.4785800e+05   1.0000000e+00
   6.5435000e+05   0.0000000e+00
   6.5455200e+05   0.0000000e+00
   6.5475400e+05   0.0000000e+00
   6.5625300e+05   1.0000000e+00
   6.5665700e+05   1.0000000e+00
   6.5765900e+05   0.0000000e+00
   6.6095100e+05   0.0000000e+00
   6.6255100e+05   1.0000000e+00
   6.6375500e+05   0.0000000e+00
   6.6475700e+05   1.0000000e+00
   6.6525400e+05   0.0000000e+00
   6.6705600e+05   1.0000000e+00
   6.6836100e+05   1.0000000e+00
   6.7185500e+05   1.0000000e+00
   6.7275600e+05   1.0000000e+00
   6.7345500e+05   0.0000000e+00
   6.7566100e+05   1.0000000e+00
   6.7776600e+05   1.0000000e+00
   6.7796800e+05   0.0000000e+00
   6.7956800e+05   0.0000000e+00
   6.7977000e+05   1.0000000e+00
   6.8025000e+05   0.0000000e+00
   6.8045200e+05   0.0000000e+00
   6.8095700e+05   0.0000000e+00
   6.8325600e+05   0.0000000e+00
   6.8505800e+05   1.0000000e+00
   6.8696900e+05   1.0000000e+00
   6.8716300e+05   1.0000000e+00
   6.8856900e+05   0.0000000e+00
   6.8947000e+05   1.0000000e+00
   6.9015200e+05   1.0000000e+00
   6.9296400e+05   1.0000000e+00
   6.9346100e+05   0.0000000e+00
   6.9376400e+05   1.0000000e+00
   6.9436200e+05   0.0000000e+00
   6.9576800e+05   1.0000000e+00
   6.9816800e+05   1.0000000e+00
   7.0063400e+05   1.0000000e+00
   7.0153500e+05   0.0000000e+00
   7.0213300e+05   0.0000000e+00
   7.0423800e+05   1.0000000e+00
   7.0534100e+05   1.0000000e+00
   7.0604000e+05   0.0000000e+00
   7.0774900e+05   1.0000000e+00
   7.0955100e+05   0.0000000e+00
   7.1323900e+05   0.0000000e+00
   7.1504100e+05   0.0000000e+00
   7.1564700e+05   0.0000000e+00
   7.1595000e+05   0.0000000e+00
   7.2033700e+05   1.0000000e+00
   7.2314100e+05   1.0000000e+00
   7.2444600e+05   1.0000000e+00
   7.2575100e+05   1.0000000e+00
   7.2755300e+05   0.0000000e+00
   7.2765400e+05   0.0000000e+00
   7.2845400e+05   1.0000000e+00
   7.2925400e+05   1.0000000e+00
   7.2955700e+05   0.0000000e+00
   7.3114000e+05   0.0000000e+00
   7.3224300e+05   0.0000000e+00
   7.3404500e+05   1.0000000e+00
   7.3424700e+05   0.0000000e+00
   7.3514800e+05   1.0000000e+00
   7.3796000e+05   0.0000000e+00
   7.4254900e+05   1.0000000e+00
   7.4455300e+05   0.0000000e+00
   7.4825800e+05   0.0000000e+00
   7.4866200e+05   0.0000000e+00
   7.4905800e+05   1.0000000e+00
   7.4936100e+05   0.0000000e+00
   7.5134800e+05   1.0000000e+00
   7.5155000e+05   0.0000000e+00
   7.5315000e+05   1.0000000e+00
   7.5325100e+05   1.0000000e+00
   7.5605500e+05   1.0000000e+00
   7.5776400e+05   0.0000000e+00
   7.5986900e+05   1.0000000e+00
   7.6055100e+05   0.0000000e+00
   7.6195700e+05   0.0000000e+00
   7.6355700e+05   1.0000000e+00
   7.6505600e+05   1.0000000e+00
   7.6586400e+05   0.0000000e+00
   7.6656300e+05   1.0000000e+00
   7.6746400e+05   0.0000000e+00
   7.6906400e+05   1.0000000e+00
   7.7035200e+05   0.0000000e+00
   7.7135400e+05   0.0000000e+00
   7.7325700e+05   1.0000000e+00
   7.7466300e+05   1.0000000e+00
   7.7937000e+05   0.0000000e+00
   7.8256100e+05   0.0000000e+00
   7.8346200e+05   1.0000000e+00
   7.8456500e+05   0.0000000e+00
   7.8656900e+05   0.0000000e+00
   7.8867400e+05   0.0000000e+00
   7.8887600e+05   0.0000000e+00
   7.8937300e+05   1.0000000e+00
   7.9256400e+05   0.0000000e+00
   7.9276600e+05   1.0000000e+00
   7.9286700e+05   1.0000000e+00
   7.9346500e+05   1.0000000e+00
   8.0094100e+05   1.0000000e+00
   8.0284400e+05   0.0000000e+00
   8.0324000e+05   1.0000000e+00
   8.0464600e+05   0.0000000e+00
   8.0925200e+05   0.0000000e+00
   8.1043900e+05   1.0000000e+00
   8.1084300e+05   1.0000000e+00
   8.1274600e+05   1.0000000e+00
   8.1454800e+05   0.0000000e+00
   8.1464900e+05   1.0000000e+00
   8.1524700e+05   1.0000000e+00
   8.1665300e+05   0.0000000e+00
   8.1845500e+05   1.0000000e+00
   8.1885900e+05   1.0000000e+00
   8.2074500e+05   1.0000000e+00
   8.2224400e+05   0.0000000e+00
   8.2504800e+05   0.0000000e+00
   8.2555300e+05   1.0000000e+00
   8.2565400e+05   0.0000000e+00
   8.2635300e+05   0.0000000e+00
   8.2645400e+05   0.0000000e+00
   8.2705200e+05   0.0000000e+00
   8.2886200e+05   0.0000000e+00
   8.3265100e+05   1.0000000e+00
   8.3314800e+05   1.0000000e+00
   8.3324900e+05   0.0000000e+00
   8.3565700e+05   0.0000000e+00
   8.3756000e+05   1.0000000e+00
   8.3796400e+05   0.0000000e+00
   8.4134900e+05   0.0000000e+00
   8.4315100e+05   1.0000000e+00
   8.4496100e+05   0.0000000e+00
   8.4545800e+05   0.0000000e+00
   8.4926400e+05   0.0000000e+00
   8.4997100e+05   1.0000000e+00
   8.5245500e+05   0.0000000e+00
   8.5646300e+05   0.0000000e+00
   8.5676600e+05   0.0000000e+00
   8.5696800e+05   1.0000000e+00
   8.5726300e+05   1.0000000e+00
   8.5967100e+05   0.0000000e+00
   8.6145600e+05   0.0000000e+00
   8.6536300e+05   1.0000000e+00
   8.6746800e+05   1.0000000e+00
   8.6947200e+05   0.0000000e+00
   8.7086100e+05   1.0000000e+00
   8.7176200e+05   1.0000000e+00
   8.7196400e+05   1.0000000e+00
   8.7215800e+05   0.0000000e+00
   8.7256200e+05   0.0000000e+00
   8.7276400e+05   0.0000000e+00
   8.7396800e+05   0.0000000e+00
   8.7716800e+05   0.0000000e+00
   8.7726900e+05   0.0000000e+00
   8.7877600e+05   1.0000000e+00
   8.7887700e+05   1.0000000e+00
   8.8015700e+05   1.0000000e+00
   8.8216100e+05   0.0000000e+00
   8.8406400e+05   0.0000000e+00
   8.8597500e+05   0.0000000e+00
   8.8667400e+05   1.0000000e+00
   8.8737300e+05   0.0000000e+00
   8.8867800e+05   1.0000000e+00
   8.8957900e+05   1.0000000e+00
   8.9166700e+05   1.0000000e+00
   8.9406700e+05   1.0000000e+00
   8.9467300e+05   0.0000000e+00
   8.9477400e+05   1.0000000e+00
   8.9677800e+05   0.0000000e+00
   8.9687900e+05   1.0000000e+00
   8.9817600e+05   1.0000000e+00
   8.9988500e+05   0.0000000e+00
   9.0103800e+05   1.0000000e+00
   9.0113900e+05   0.0000000e+00
   9.0144200e+05   0.0000000e+00
   9.0224200e+05   0.0000000e+00
   9.0404400e+05   0.0000000e+00
   9.0514700e+05   0.0000000e+00
   9.0765600e+05   0.0000000e+00
   9.0886000e+05   1.0000000e+00
   9.1024100e+05   1.0000000e+00
   9.1044300e+05   0.0000000e+00
   9.1184900e+05   0.0000000e+00
   9.1244700e+05   1.0000000e+00
   9.1725500e+05   1.0000000e+00
   9.1755800e+05   0.0000000e+00
   9.1996600e+05   0.0000000e+00
   9.2285400e+05   1.0000000e+00
   9.2375500e+05   0.0000000e+00
   9.2686200e+05   1.0000000e+00
   9.2735900e+05   1.0000000e+00
   9.2946400e+05   0.0000000e+00
   9.3044900e+05   0.0000000e+00
   9.3255400e+05   1.0000000e+00
   9.3325300e+05   0.0000000e+00
   9.3716000e+05   1.0000000e+00
   9.4265800e+05   1.0000000e+00
   9.4386200e+05   1.0000000e+00
   9.4766800e+05   0.0000000e+00
   9.5145700e+05   0.0000000e+00
   9.5286300e+05   0.0000000e+00
   9.5376400e+05   0.0000000e+00
   9.5546500e+05   1.0000000e+00
   9.5797400e+05   0.0000000e+00
   9.5897600e+05   1.0000000e+00
   9.5957400e+05   0.0000000e+00
   9.6205800e+05   1.0000000e+00
   9.6536700e+05   1.0000000e+00
   9.6577100e+05   1.0000000e+00
   9.6697500e+05   1.0000000e+00
   9.6947600e+05   1.0000000e+00
   9.7076400e+05   0.0000000e+00
   9.7116000e+05   1.0000000e+00
   9.7256600e+05   0.0000000e+00
   9.7377000e+05   1.0000000e+00
   9.7857800e+05   0.0000000e+00
   9.7998400e+05   0.0000000e+00
   9.8377300e+05   1.0000000e+00
   9.8447200e+05   0.0000000e+00
   9.8707400e+05   1.0000000e+00
   9.8798300e+05   0.0000000e+00
   9.8998700e+05   1.0000000e+00
   9.9036600e+05   1.0000000e+00
   9.9126700e+05   1.0000000e+00
   9.9267300e+05   0.0000000e+00
   9.9277400e+05   1.0000000e+00
   9.9367500e+05   0.0000000e+00
   9.9427300e+05   1.0000000e+00
   9.9517400e+05   1.0000000e+00
   9.9678200e+05   0.0000000e+00
